Residus	NumPU	Level
5	1	3
6	1	3
7	1	3
8	1	3
9	1	3
10	1	3
11	1	3
12	1	3
13	1	3
14	1	3
15	1	3
16	1	3
17	1	3
18	1	3
19	1	3
20	1	3
21	1	3
22	1	3
23	1	3
24	1	3
25	1	3
26	1	3
27	1	3
78	2	3
79	2	3
80	2	3
81	2	3
82	2	3
83	2	3
84	2	3
85	2	3
86	2	3
87	2	3
88	2	3
89	2	3
90	2	3
91	2	3
92	2	3
93	2	3
94	2	3
95	2	3
96	2	3
97	2	3
98	2	3
99	2	3
28	3	3
29	3	3
30	3	3
31	3	3
32	3	3
33	3	3
34	3	3
35	3	3
36	3	3
37	3	3
38	3	3
39	3	3
40	3	3
41	3	3
42	3	3
43	3	3
44	3	3
45	3	3
46	3	3
47	3	3
48	3	3
49	3	3
50	3	3
51	3	3
52	3	3
53	3	3
54	3	3
137	4	3
138	4	3
139	4	3
140	4	3
141	4	3
142	4	3
143	4	3
144	4	3
145	4	3
146	4	3
147	4	3
55	5	3
56	5	3
57	5	3
58	5	3
59	5	3
60	5	3
61	5	3
62	5	3
63	5	3
64	5	3
65	5	3
66	5	3
67	5	3
68	5	3
69	5	3
70	5	3
71	5	3
72	5	3
73	5	3
100	6	3
101	6	3
102	6	3
103	6	3
104	6	3
105	6	3
106	6	3
107	6	3
108	6	3
109	6	3
110	6	3
111	6	3
112	6	3
113	6	3
114	6	3
115	6	3
116	6	3
117	6	3
118	6	3
119	6	3
120	6	3
121	6	3
122	6	3
123	6	3
124	6	3
125	6	3
126	6	3
127	6	3
