Residus	NumPU	Level
5	1	2
6	1	2
7	1	2
8	1	2
9	1	2
10	1	2
11	1	2
12	1	2
13	1	2
14	1	2
15	1	2
16	1	2
17	1	2
18	1	2
19	1	2
20	1	2
21	1	2
22	1	2
23	1	2
24	1	2
25	1	2
26	1	2
27	1	2
28	2	2
29	2	2
30	2	2
31	2	2
32	2	2
33	2	2
34	2	2
35	2	2
36	2	2
37	2	2
38	2	2
39	2	2
40	2	2
41	2	2
42	2	2
43	2	2
44	2	2
45	2	2
46	2	2
47	2	2
48	2	2
49	2	2
50	2	2
51	2	2
52	2	2
53	2	2
54	2	2
78	3	2
79	3	2
80	3	2
81	3	2
82	3	2
83	3	2
84	3	2
85	3	2
86	3	2
87	3	2
88	3	2
89	3	2
90	3	2
91	3	2
92	3	2
93	3	2
94	3	2
95	3	2
96	3	2
97	3	2
98	3	2
99	3	2
100	3	2
101	3	2
102	3	2
103	3	2
104	3	2
105	3	2
106	3	2
107	3	2
108	3	2
109	3	2
110	3	2
111	3	2
112	3	2
113	3	2
114	3	2
115	3	2
116	3	2
117	3	2
118	3	2
119	3	2
120	3	2
121	3	2
122	3	2
123	3	2
124	3	2
125	3	2
126	3	2
127	3	2
128	3	2
129	3	2
130	3	2
131	3	2
132	3	2
133	3	2
134	3	2
135	3	2
136	3	2
137	3	2
138	3	2
139	3	2
140	3	2
141	3	2
142	3	2
143	3	2
144	3	2
145	3	2
146	3	2
55	4	2
56	4	2
57	4	2
58	4	2
59	4	2
60	4	2
61	4	2
62	4	2
63	4	2
64	4	2
65	4	2
66	4	2
67	4	2
68	4	2
69	4	2
70	4	2
71	4	2
72	4	2
73	4	2
74	4	2
75	4	2
76	4	2
77	4	2
