Residus	NumPU	Level
5	1	1
6	1	1
7	1	1
8	1	1
9	1	1
10	1	1
11	1	1
12	1	1
13	1	1
14	1	1
15	1	1
16	1	1
17	1	1
18	1	1
19	1	1
20	1	1
21	1	1
22	1	1
23	1	1
24	1	1
25	1	1
26	1	1
27	1	1
28	1	1
29	1	1
30	1	1
31	1	1
32	1	1
33	1	1
34	1	1
35	1	1
36	1	1
37	1	1
38	1	1
39	1	1
40	1	1
41	1	1
42	1	1
43	1	1
44	1	1
45	1	1
46	1	1
47	1	1
48	1	1
49	1	1
50	1	1
51	1	1
52	1	1
53	1	1
54	1	1
55	1	1
56	1	1
57	1	1
58	1	1
59	1	1
60	1	1
61	1	1
62	1	1
63	1	1
64	1	1
65	1	1
66	1	1
67	1	1
68	1	1
69	1	1
70	1	1
71	1	1
72	1	1
73	1	1
74	1	1
75	1	1
76	1	1
77	1	1
78	2	1
79	2	1
80	2	1
81	2	1
82	2	1
83	2	1
84	2	1
85	2	1
86	2	1
87	2	1
88	2	1
89	2	1
90	2	1
91	2	1
92	2	1
93	2	1
94	2	1
95	2	1
96	2	1
97	2	1
98	2	1
99	2	1
100	2	1
101	2	1
102	2	1
103	2	1
104	2	1
105	2	1
106	2	1
107	2	1
108	2	1
109	2	1
110	2	1
111	2	1
112	2	1
113	2	1
114	2	1
115	2	1
116	2	1
117	2	1
118	2	1
119	2	1
120	2	1
121	2	1
122	2	1
123	2	1
124	2	1
125	2	1
126	2	1
127	2	1
128	2	1
129	2	1
130	2	1
131	2	1
132	2	1
133	2	1
134	2	1
135	2	1
136	2	1
137	2	1
138	2	1
139	2	1
140	2	1
141	2	1
142	2	1
143	2	1
144	2	1
145	2	1
146	2	1
