Residus	NumPU	Level
47	1	4
48	1	4
49	1	4
50	1	4
51	1	4
52	1	4
53	1	4
54	1	4
55	1	4
56	1	4
57	1	4
58	1	4
59	1	4
60	1	4
61	1	4
62	1	4
63	1	4
64	1	4
22	2	4
23	2	4
24	2	4
25	2	4
26	2	4
27	2	4
28	2	4
29	2	4
30	2	4
31	2	4
32	2	4
33	2	4
34	2	4
35	2	4
114	3	4
115	3	4
116	3	4
117	3	4
118	3	4
119	3	4
120	3	4
121	3	4
122	3	4
123	3	4
124	3	4
125	3	4
126	3	4
127	3	4
128	3	4
129	3	4
130	3	4
131	3	4
132	3	4
133	3	4
134	3	4
135	3	4
136	3	4
137	3	4
138	3	4
139	3	4
140	3	4
141	3	4
142	3	4
143	3	4
144	3	4
145	3	4
146	3	4
147	3	4
148	3	4
149	3	4
150	3	4
151	3	4
152	3	4
153	3	4
154	3	4
155	3	4
156	3	4
157	3	4
158	3	4
159	3	4
160	3	4
161	3	4
162	3	4
163	3	4
164	3	4
165	3	4
166	3	4
167	3	4
168	3	4
169	3	4
170	3	4
171	3	4
172	3	4
173	3	4
174	3	4
82	4	4
83	4	4
84	4	4
85	4	4
86	4	4
87	4	4
88	4	4
89	4	4
90	4	4
91	4	4
92	4	4
93	4	4
94	4	4
95	4	4
96	4	4
97	4	4
67	5	4
68	5	4
69	5	4
70	5	4
71	5	4
72	5	4
73	5	4
74	5	4
75	5	4
76	5	4
77	5	4
78	5	4
79	5	4
80	5	4
81	5	4
98	6	4
99	6	4
100	6	4
101	6	4
102	6	4
103	6	4
104	6	4
105	6	4
106	6	4
107	6	4
108	6	4
109	6	4
110	6	4
111	6	4
112	6	4
113	6	4
11	7	4
12	7	4
13	7	4
14	7	4
15	7	4
16	7	4
17	7	4
18	7	4
19	7	4
20	7	4
21	7	4
