Residus	NumPU	Level
22	1	3
23	1	3
24	1	3
25	1	3
26	1	3
27	1	3
28	1	3
29	1	3
30	1	3
31	1	3
32	1	3
33	1	3
34	1	3
35	1	3
2	2	3
3	2	3
4	2	3
5	2	3
6	2	3
7	2	3
8	2	3
9	2	3
10	2	3
12	2	3
13	2	3
14	2	3
15	2	3
16	2	3
82	3	3
83	3	3
84	3	3
85	3	3
86	3	3
87	3	3
88	3	3
89	3	3
90	3	3
91	3	3
92	3	3
93	3	3
94	3	3
95	3	3
96	3	3
97	3	3
98	3	3
99	3	3
109	3	3
110	3	3
111	3	3
112	3	3
118	3	3
119	3	3
120	3	3
121	3	3
122	3	3
123	3	3
124	3	3
125	3	3
126	3	3
127	3	3
128	3	3
129	3	3
130	3	3
131	3	3
132	3	3
133	3	3
134	3	3
135	3	3
136	3	3
137	3	3
138	3	3
139	3	3
140	3	3
141	3	3
142	3	3
143	3	3
144	3	3
145	3	3
146	3	3
147	3	3
148	3	3
149	3	3
150	3	3
151	3	3
152	3	3
153	3	3
154	3	3
155	3	3
156	3	3
157	3	3
158	3	3
159	3	3
160	3	3
161	3	3
162	3	3
163	3	3
164	3	3
165	3	3
166	3	3
167	3	3
168	3	3
169	3	3
170	3	3
171	3	3
172	3	3
173	3	3
174	3	3
47	4	3
48	4	3
49	4	3
50	4	3
51	4	3
52	4	3
53	4	3
54	4	3
55	4	3
56	4	3
57	4	3
58	4	3
59	4	3
60	4	3
61	4	3
62	4	3
63	4	3
64	4	3
67	5	3
68	5	3
69	5	3
70	5	3
71	5	3
72	5	3
73	5	3
74	5	3
75	5	3
76	5	3
77	5	3
78	5	3
79	5	3
80	5	3
81	5	3
