Residus	NumPU	Level
280	1	3
281	1	3
282	1	3
283	1	3
284	1	3
285	1	3
286	1	3
287	1	3
288	1	3
289	1	3
290	1	3
291	1	3
292	1	3
293	1	3
294	1	3
295	1	3
296	1	3
582	2	3
583	2	3
584	2	3
585	2	3
586	2	3
587	2	3
588	2	3
589	2	3
590	2	3
591	2	3
592	2	3
593	2	3
594	2	3
595	2	3
596	2	3
597	2	3
598	2	3
599	2	3
600	2	3
601	2	3
602	2	3
603	2	3
604	2	3
605	2	3
606	2	3
607	2	3
608	2	3
609	2	3
610	2	3
611	2	3
612	2	3
613	2	3
614	2	3
615	2	3
616	2	3
617	2	3
618	2	3
619	2	3
620	2	3
621	2	3
622	2	3
623	2	3
624	2	3
625	2	3
626	2	3
627	2	3
628	2	3
629	2	3
630	2	3
631	2	3
632	2	3
633	2	3
634	2	3
635	2	3
636	2	3
637	2	3
638	2	3
639	2	3
640	2	3
641	2	3
642	2	3
643	2	3
644	2	3
645	2	3
646	2	3
647	2	3
648	2	3
649	2	3
650	2	3
651	2	3
652	2	3
653	2	3
654	2	3
655	2	3
656	2	3
657	2	3
658	2	3
659	2	3
660	2	3
661	2	3
662	2	3
663	2	3
664	2	3
665	2	3
666	2	3
667	2	3
668	2	3
669	2	3
670	2	3
671	2	3
672	2	3
673	2	3
674	2	3
675	2	3
676	2	3
677	2	3
678	2	3
679	2	3
680	2	3
681	2	3
682	2	3
683	2	3
684	2	3
685	2	3
686	2	3
687	2	3
688	2	3
689	2	3
690	2	3
691	2	3
692	2	3
693	2	3
694	2	3
695	2	3
696	2	3
697	2	3
698	2	3
699	2	3
700	2	3
701	2	3
702	2	3
703	2	3
704	2	3
705	2	3
706	2	3
707	2	3
708	2	3
709	2	3
710	2	3
711	2	3
712	2	3
713	2	3
714	2	3
715	2	3
716	2	3
717	2	3
718	2	3
719	2	3
720	2	3
721	2	3
722	2	3
723	2	3
724	2	3
725	2	3
726	2	3
727	2	3
728	2	3
729	2	3
730	2	3
731	2	3
732	2	3
733	2	3
734	2	3
735	2	3
736	2	3
737	2	3
738	2	3
739	2	3
740	2	3
741	2	3
742	2	3
743	2	3
744	2	3
745	2	3
746	2	3
747	2	3
748	2	3
749	2	3
750	2	3
751	2	3
752	2	3
753	2	3
754	2	3
755	2	3
756	2	3
313	3	3
314	3	3
315	3	3
316	3	3
317	3	3
318	3	3
319	3	3
320	3	3
321	3	3
322	3	3
323	3	3
324	3	3
325	3	3
326	3	3
327	3	3
328	3	3
329	3	3
330	3	3
331	3	3
332	3	3
333	3	3
334	3	3
335	3	3
336	3	3
337	3	3
338	3	3
339	3	3
340	3	3
341	3	3
342	3	3
343	3	3
344	3	3
345	3	3
346	3	3
347	3	3
348	3	3
349	3	3
350	3	3
351	3	3
352	3	3
353	3	3
354	3	3
355	3	3
356	3	3
357	3	3
358	3	3
359	3	3
360	3	3
361	3	3
362	3	3
363	3	3
364	3	3
365	3	3
366	3	3
367	3	3
368	3	3
369	3	3
370	3	3
371	3	3
372	3	3
373	3	3
374	3	3
375	3	3
376	3	3
377	3	3
378	3	3
379	3	3
380	3	3
381	3	3
382	3	3
383	3	3
384	3	3
385	3	3
386	3	3
387	3	3
388	3	3
389	3	3
390	3	3
391	3	3
392	3	3
393	3	3
394	3	3
395	3	3
396	3	3
397	3	3
398	3	3
399	3	3
400	3	3
401	3	3
402	3	3
403	3	3
404	3	3
405	3	3
406	3	3
407	3	3
408	3	3
409	3	3
410	3	3
411	3	3
412	3	3
413	3	3
414	3	3
415	3	3
416	3	3
417	3	3
418	3	3
419	3	3
420	3	3
421	3	3
422	3	3
423	3	3
424	3	3
425	3	3
426	3	3
427	3	3
428	3	3
429	3	3
430	3	3
431	3	3
432	3	3
433	3	3
434	3	3
435	3	3
436	3	3
437	3	3
438	3	3
439	3	3
440	3	3
441	3	3
442	3	3
487	3	3
488	3	3
489	3	3
490	3	3
491	3	3
492	3	3
493	3	3
494	3	3
495	3	3
496	3	3
497	3	3
498	3	3
499	3	3
500	3	3
501	3	3
206	4	3
207	4	3
208	4	3
209	4	3
210	4	3
211	4	3
212	4	3
213	4	3
214	4	3
215	4	3
216	4	3
217	4	3
218	4	3
219	4	3
220	4	3
221	4	3
222	4	3
223	4	3
224	4	3
225	4	3
226	4	3
227	4	3
228	4	3
229	4	3
230	4	3
231	4	3
232	4	3
233	4	3
234	4	3
235	4	3
236	4	3
237	4	3
238	4	3
239	4	3
240	4	3
241	4	3
242	4	3
243	4	3
244	4	3
245	4	3
246	4	3
247	4	3
248	4	3
249	4	3
250	4	3
251	4	3
252	4	3
253	4	3
254	4	3
255	4	3
256	4	3
257	4	3
258	4	3
259	4	3
260	4	3
261	4	3
262	4	3
263	4	3
264	4	3
265	4	3
266	4	3
267	4	3
268	4	3
269	4	3
270	4	3
271	4	3
272	4	3
273	4	3
274	4	3
275	4	3
276	4	3
277	4	3
278	4	3
279	4	3
502	5	3
503	5	3
504	5	3
505	5	3
506	5	3
507	5	3
508	5	3
509	5	3
510	5	3
511	5	3
512	5	3
513	5	3
514	5	3
515	5	3
516	5	3
517	5	3
518	5	3
519	5	3
520	5	3
521	5	3
522	5	3
523	5	3
524	5	3
525	5	3
526	5	3
527	5	3
528	5	3
529	5	3
530	5	3
531	5	3
532	5	3
533	5	3
534	5	3
535	5	3
536	5	3
537	5	3
538	5	3
539	5	3
540	5	3
541	5	3
542	5	3
543	5	3
544	5	3
545	5	3
546	5	3
547	5	3
548	5	3
549	5	3
550	5	3
551	5	3
552	5	3
553	5	3
554	5	3
555	5	3
556	5	3
557	5	3
558	5	3
559	5	3
560	5	3
561	5	3
562	5	3
563	5	3
564	5	3
565	5	3
566	5	3
567	5	3
568	5	3
569	5	3
570	5	3
571	5	3
572	5	3
573	5	3
574	5	3
575	5	3
576	5	3
577	5	3
578	5	3
579	5	3
580	5	3
581	5	3
297	6	3
298	6	3
299	6	3
300	6	3
301	6	3
302	6	3
303	6	3
304	6	3
305	6	3
306	6	3
307	6	3
308	6	3
309	6	3
310	6	3
311	6	3
312	6	3
