Residus	NumPU	Level
280	1	2
281	1	2
282	1	2
283	1	2
284	1	2
285	1	2
286	1	2
287	1	2
288	1	2
289	1	2
290	1	2
291	1	2
292	1	2
293	1	2
294	1	2
295	1	2
296	1	2
297	2	2
298	2	2
299	2	2
300	2	2
301	2	2
302	2	2
303	2	2
304	2	2
305	2	2
306	2	2
307	2	2
308	2	2
309	2	2
310	2	2
311	2	2
312	2	2
313	2	2
314	2	2
315	2	2
316	2	2
317	2	2
318	2	2
319	2	2
320	2	2
321	2	2
322	2	2
323	2	2
324	2	2
325	2	2
326	2	2
327	2	2
328	2	2
329	2	2
330	2	2
331	2	2
332	2	2
333	2	2
334	2	2
335	2	2
336	2	2
337	2	2
338	2	2
339	2	2
340	2	2
341	2	2
342	2	2
343	2	2
344	2	2
345	2	2
346	2	2
347	2	2
348	2	2
349	2	2
350	2	2
351	2	2
352	2	2
353	2	2
354	2	2
355	2	2
356	2	2
357	2	2
358	2	2
359	2	2
360	2	2
361	2	2
362	2	2
363	2	2
364	2	2
365	2	2
366	2	2
367	2	2
368	2	2
369	2	2
370	2	2
371	2	2
372	2	2
373	2	2
374	2	2
375	2	2
376	2	2
377	2	2
378	2	2
379	2	2
380	2	2
381	2	2
382	2	2
383	2	2
384	2	2
385	2	2
386	2	2
387	2	2
388	2	2
389	2	2
390	2	2
391	2	2
392	2	2
393	2	2
394	2	2
395	2	2
396	2	2
397	2	2
398	2	2
399	2	2
400	2	2
401	2	2
402	2	2
403	2	2
404	2	2
405	2	2
406	2	2
407	2	2
408	2	2
409	2	2
410	2	2
411	2	2
412	2	2
413	2	2
414	2	2
415	2	2
416	2	2
417	2	2
418	2	2
419	2	2
420	2	2
421	2	2
422	2	2
423	2	2
424	2	2
425	2	2
426	2	2
427	2	2
428	2	2
429	2	2
430	2	2
431	2	2
432	2	2
433	2	2
434	2	2
435	2	2
436	2	2
437	2	2
438	2	2
439	2	2
440	2	2
441	2	2
442	2	2
487	2	2
488	2	2
489	2	2
490	2	2
491	2	2
492	2	2
493	2	2
494	2	2
495	2	2
496	2	2
497	2	2
498	2	2
499	2	2
500	2	2
501	2	2
502	2	2
503	2	2
504	2	2
505	2	2
506	2	2
507	2	2
508	2	2
509	2	2
510	2	2
511	2	2
512	2	2
513	2	2
514	2	2
515	2	2
516	2	2
517	2	2
518	2	2
519	2	2
520	2	2
521	2	2
522	2	2
523	2	2
524	2	2
525	2	2
526	2	2
527	2	2
528	2	2
529	2	2
530	2	2
531	2	2
532	2	2
533	2	2
534	2	2
535	2	2
536	2	2
537	2	2
538	2	2
539	2	2
540	2	2
541	2	2
542	2	2
543	2	2
544	2	2
545	2	2
546	2	2
547	2	2
548	2	2
549	2	2
550	2	2
551	2	2
552	2	2
553	2	2
554	2	2
555	2	2
556	2	2
557	2	2
558	2	2
559	2	2
560	2	2
561	2	2
562	2	2
563	2	2
564	2	2
565	2	2
566	2	2
567	2	2
568	2	2
569	2	2
570	2	2
571	2	2
572	2	2
573	2	2
574	2	2
575	2	2
576	2	2
577	2	2
578	2	2
579	2	2
580	2	2
581	2	2
582	3	2
583	3	2
584	3	2
585	3	2
586	3	2
587	3	2
588	3	2
589	3	2
590	3	2
591	3	2
592	3	2
593	3	2
594	3	2
595	3	2
596	3	2
597	3	2
598	3	2
599	3	2
600	3	2
601	3	2
602	3	2
603	3	2
604	3	2
605	3	2
606	3	2
607	3	2
608	3	2
609	3	2
610	3	2
611	3	2
612	3	2
613	3	2
614	3	2
615	3	2
616	3	2
617	3	2
618	3	2
619	3	2
620	3	2
621	3	2
622	3	2
623	3	2
624	3	2
625	3	2
626	3	2
627	3	2
628	3	2
629	3	2
630	3	2
631	3	2
632	3	2
633	3	2
634	3	2
635	3	2
636	3	2
637	3	2
638	3	2
639	3	2
640	3	2
641	3	2
642	3	2
643	3	2
644	3	2
645	3	2
646	3	2
647	3	2
648	3	2
649	3	2
650	3	2
651	3	2
652	3	2
653	3	2
654	3	2
655	3	2
656	3	2
657	3	2
658	3	2
659	3	2
660	3	2
661	3	2
662	3	2
663	3	2
664	3	2
665	3	2
666	3	2
667	3	2
668	3	2
669	3	2
670	3	2
671	3	2
672	3	2
673	3	2
674	3	2
675	3	2
676	3	2
677	3	2
678	3	2
679	3	2
680	3	2
681	3	2
682	3	2
683	3	2
684	3	2
685	3	2
686	3	2
687	3	2
688	3	2
689	3	2
690	3	2
691	3	2
692	3	2
693	3	2
694	3	2
695	3	2
696	3	2
697	3	2
698	3	2
699	3	2
700	3	2
701	3	2
702	3	2
703	3	2
704	3	2
705	3	2
706	3	2
707	3	2
708	3	2
709	3	2
710	3	2
711	3	2
712	3	2
713	3	2
714	3	2
715	3	2
716	3	2
717	3	2
718	3	2
719	3	2
720	3	2
721	3	2
722	3	2
723	3	2
724	3	2
725	3	2
726	3	2
727	3	2
728	3	2
729	3	2
730	3	2
731	3	2
732	3	2
733	3	2
734	3	2
735	3	2
736	3	2
737	3	2
738	3	2
739	3	2
740	3	2
741	3	2
742	3	2
743	3	2
744	3	2
745	3	2
746	3	2
747	3	2
748	3	2
749	3	2
750	3	2
751	3	2
752	3	2
753	3	2
754	3	2
755	3	2
756	3	2
206	4	2
207	4	2
208	4	2
209	4	2
210	4	2
211	4	2
212	4	2
213	4	2
214	4	2
215	4	2
216	4	2
217	4	2
218	4	2
219	4	2
220	4	2
221	4	2
222	4	2
223	4	2
224	4	2
225	4	2
226	4	2
227	4	2
228	4	2
229	4	2
230	4	2
231	4	2
232	4	2
233	4	2
234	4	2
235	4	2
236	4	2
237	4	2
238	4	2
239	4	2
240	4	2
241	4	2
242	4	2
243	4	2
244	4	2
245	4	2
246	4	2
247	4	2
248	4	2
249	4	2
250	4	2
251	4	2
252	4	2
253	4	2
254	4	2
255	4	2
256	4	2
257	4	2
258	4	2
259	4	2
260	4	2
261	4	2
262	4	2
263	4	2
264	4	2
265	4	2
266	4	2
267	4	2
268	4	2
269	4	2
270	4	2
271	4	2
272	4	2
273	4	2
274	4	2
275	4	2
276	4	2
277	4	2
278	4	2
279	4	2
