Residus	NumPU	Level
66	1	2
67	1	2
68	1	2
69	1	2
70	1	2
71	1	2
72	1	2
73	1	2
74	1	2
75	1	2
76	1	2
77	1	2
78	1	2
79	1	2
80	1	2
81	1	2
82	2	2
83	2	2
84	2	2
85	2	2
86	2	2
87	2	2
88	2	2
89	2	2
90	2	2
91	2	2
92	2	2
93	2	2
94	2	2
95	2	2
96	2	2
97	2	2
98	2	2
99	2	2
100	2	2
101	2	2
102	2	2
103	2	2
104	2	2
105	2	2
106	2	2
107	2	2
108	2	2
109	2	2
110	2	2
111	2	2
112	2	2
113	2	2
114	2	2
115	2	2
116	2	2
117	2	2
118	2	2
119	2	2
120	2	2
121	2	2
122	2	2
123	2	2
124	2	2
125	2	2
126	2	2
127	2	2
128	2	2
129	2	2
130	2	2
131	2	2
132	2	2
133	2	2
134	2	2
135	2	2
136	2	2
137	2	2
138	2	2
139	2	2
140	2	2
141	2	2
142	2	2
143	2	2
144	2	2
145	2	2
146	2	2
147	2	2
148	2	2
149	2	2
150	2	2
151	2	2
152	2	2
153	2	2
154	2	2
155	2	2
156	2	2
157	2	2
158	2	2
159	2	2
160	2	2
161	2	2
162	2	2
163	2	2
164	2	2
165	2	2
166	2	2
167	2	2
168	2	2
169	2	2
170	2	2
171	2	2
172	2	2
173	2	2
174	2	2
11	3	2
12	3	2
13	3	2
14	3	2
15	3	2
16	3	2
17	3	2
18	3	2
19	3	2
20	3	2
21	3	2
22	3	2
23	3	2
24	3	2
25	3	2
26	3	2
27	3	2
28	3	2
29	3	2
30	3	2
31	3	2
32	3	2
33	3	2
46	3	2
47	3	2
48	3	2
49	3	2
50	3	2
51	3	2
52	3	2
53	3	2
54	3	2
55	3	2
56	3	2
57	3	2
58	3	2
59	3	2
60	3	2
61	3	2
62	3	2
63	3	2
