Residus	NumPU	Level
206	1	1
207	1	1
208	1	1
209	1	1
210	1	1
211	1	1
212	1	1
213	1	1
214	1	1
215	1	1
216	1	1
217	1	1
218	1	1
219	1	1
220	1	1
221	1	1
222	1	1
223	1	1
224	1	1
225	1	1
226	1	1
227	1	1
228	1	1
229	1	1
230	1	1
231	1	1
232	1	1
233	1	1
234	1	1
235	1	1
236	1	1
237	1	1
238	1	1
239	1	1
240	1	1
241	1	1
242	1	1
243	1	1
244	1	1
245	1	1
246	1	1
247	1	1
248	1	1
249	1	1
250	1	1
251	1	1
252	1	1
253	1	1
254	1	1
255	1	1
256	1	1
257	1	1
258	1	1
259	1	1
260	1	1
261	1	1
262	1	1
263	1	1
264	1	1
265	1	1
266	1	1
267	1	1
268	1	1
269	1	1
270	1	1
271	1	1
272	1	1
273	1	1
274	1	1
275	1	1
276	1	1
277	1	1
278	1	1
279	1	1
280	2	1
281	2	1
282	2	1
283	2	1
284	2	1
285	2	1
286	2	1
287	2	1
288	2	1
289	2	1
290	2	1
291	2	1
292	2	1
293	2	1
294	2	1
295	2	1
296	2	1
297	2	1
298	2	1
299	2	1
300	2	1
301	2	1
302	2	1
303	2	1
304	2	1
305	2	1
306	2	1
307	2	1
308	2	1
309	2	1
310	2	1
311	2	1
312	2	1
313	2	1
314	2	1
315	2	1
316	2	1
317	2	1
318	2	1
319	2	1
320	2	1
321	2	1
322	2	1
323	2	1
324	2	1
325	2	1
326	2	1
327	2	1
328	2	1
329	2	1
330	2	1
331	2	1
332	2	1
333	2	1
334	2	1
335	2	1
336	2	1
337	2	1
338	2	1
339	2	1
340	2	1
341	2	1
342	2	1
343	2	1
344	2	1
345	2	1
346	2	1
347	2	1
348	2	1
349	2	1
350	2	1
351	2	1
352	2	1
353	2	1
354	2	1
355	2	1
356	2	1
357	2	1
358	2	1
359	2	1
360	2	1
361	2	1
362	2	1
363	2	1
364	2	1
365	2	1
366	2	1
367	2	1
368	2	1
369	2	1
370	2	1
371	2	1
372	2	1
373	2	1
374	2	1
375	2	1
376	2	1
377	2	1
378	2	1
379	2	1
380	2	1
381	2	1
382	2	1
383	2	1
384	2	1
385	2	1
386	2	1
387	2	1
388	2	1
389	2	1
390	2	1
391	2	1
392	2	1
393	2	1
394	2	1
395	2	1
396	2	1
397	2	1
398	2	1
399	2	1
400	2	1
401	2	1
402	2	1
403	2	1
404	2	1
405	2	1
406	2	1
407	2	1
408	2	1
409	2	1
410	2	1
411	2	1
412	2	1
413	2	1
414	2	1
415	2	1
416	2	1
417	2	1
418	2	1
419	2	1
420	2	1
421	2	1
422	2	1
423	2	1
424	2	1
425	2	1
426	2	1
427	2	1
428	2	1
429	2	1
430	2	1
431	2	1
432	2	1
433	2	1
434	2	1
435	2	1
436	2	1
437	2	1
438	2	1
439	2	1
440	2	1
441	2	1
442	2	1
487	2	1
488	2	1
489	2	1
490	2	1
491	2	1
492	2	1
493	2	1
494	2	1
495	2	1
496	2	1
497	2	1
498	2	1
499	2	1
500	2	1
501	2	1
502	2	1
503	2	1
504	2	1
505	2	1
506	2	1
507	2	1
508	2	1
509	2	1
510	2	1
511	2	1
512	2	1
513	2	1
514	2	1
515	2	1
516	2	1
517	2	1
518	2	1
519	2	1
520	2	1
521	2	1
522	2	1
523	2	1
524	2	1
525	2	1
526	2	1
527	2	1
528	2	1
529	2	1
530	2	1
531	2	1
532	2	1
533	2	1
534	2	1
535	2	1
536	2	1
537	2	1
538	2	1
539	2	1
540	2	1
541	2	1
542	2	1
543	2	1
544	2	1
545	2	1
546	2	1
547	2	1
548	2	1
549	2	1
550	2	1
551	2	1
552	2	1
553	2	1
554	2	1
555	2	1
556	2	1
557	2	1
558	2	1
559	2	1
560	2	1
561	2	1
562	2	1
563	2	1
564	2	1
565	2	1
566	2	1
567	2	1
568	2	1
569	2	1
570	2	1
571	2	1
572	2	1
573	2	1
574	2	1
575	2	1
576	2	1
577	2	1
578	2	1
579	2	1
580	2	1
581	2	1
582	2	1
583	2	1
584	2	1
585	2	1
586	2	1
587	2	1
588	2	1
589	2	1
590	2	1
591	2	1
592	2	1
593	2	1
594	2	1
595	2	1
596	2	1
597	2	1
598	2	1
599	2	1
600	2	1
601	2	1
602	2	1
603	2	1
604	2	1
605	2	1
606	2	1
607	2	1
608	2	1
609	2	1
610	2	1
611	2	1
612	2	1
613	2	1
614	2	1
615	2	1
616	2	1
617	2	1
618	2	1
619	2	1
620	2	1
621	2	1
622	2	1
623	2	1
624	2	1
625	2	1
626	2	1
627	2	1
628	2	1
629	2	1
630	2	1
631	2	1
632	2	1
633	2	1
634	2	1
635	2	1
636	2	1
637	2	1
638	2	1
639	2	1
640	2	1
641	2	1
642	2	1
643	2	1
644	2	1
645	2	1
646	2	1
647	2	1
648	2	1
649	2	1
650	2	1
651	2	1
652	2	1
653	2	1
654	2	1
655	2	1
656	2	1
657	2	1
658	2	1
659	2	1
660	2	1
661	2	1
662	2	1
663	2	1
664	2	1
665	2	1
666	2	1
667	2	1
668	2	1
669	2	1
670	2	1
671	2	1
672	2	1
673	2	1
674	2	1
675	2	1
676	2	1
677	2	1
678	2	1
679	2	1
680	2	1
681	2	1
682	2	1
683	2	1
684	2	1
685	2	1
686	2	1
687	2	1
688	2	1
689	2	1
690	2	1
691	2	1
692	2	1
693	2	1
694	2	1
695	2	1
696	2	1
697	2	1
698	2	1
699	2	1
700	2	1
701	2	1
702	2	1
703	2	1
704	2	1
705	2	1
706	2	1
707	2	1
708	2	1
709	2	1
710	2	1
711	2	1
712	2	1
713	2	1
714	2	1
715	2	1
716	2	1
717	2	1
718	2	1
719	2	1
720	2	1
721	2	1
722	2	1
723	2	1
724	2	1
725	2	1
726	2	1
727	2	1
728	2	1
729	2	1
730	2	1
731	2	1
732	2	1
733	2	1
734	2	1
735	2	1
736	2	1
737	2	1
738	2	1
739	2	1
740	2	1
741	2	1
742	2	1
743	2	1
744	2	1
745	2	1
746	2	1
747	2	1
748	2	1
749	2	1
750	2	1
751	2	1
752	2	1
753	2	1
754	2	1
755	2	1
756	2	1
