Residus	NumPU	Level
582	1	2
583	1	2
584	1	2
585	1	2
586	1	2
587	1	2
588	1	2
589	1	2
590	1	2
591	1	2
592	1	2
593	1	2
594	1	2
595	1	2
596	1	2
597	1	2
598	1	2
599	1	2
600	1	2
601	1	2
602	1	2
603	1	2
604	1	2
605	1	2
606	1	2
607	1	2
608	1	2
609	1	2
610	1	2
611	1	2
612	1	2
613	1	2
614	1	2
615	1	2
616	1	2
617	1	2
618	1	2
619	1	2
620	1	2
621	1	2
622	1	2
623	1	2
624	1	2
625	1	2
626	1	2
627	1	2
628	1	2
629	1	2
630	1	2
631	1	2
632	1	2
633	1	2
634	1	2
635	1	2
636	1	2
637	1	2
638	1	2
639	1	2
640	1	2
641	1	2
642	1	2
643	1	2
644	1	2
645	1	2
646	1	2
647	1	2
648	1	2
649	1	2
650	1	2
651	1	2
652	1	2
653	1	2
654	1	2
655	1	2
656	1	2
657	1	2
658	1	2
659	1	2
660	1	2
661	1	2
662	1	2
663	1	2
664	1	2
665	1	2
666	1	2
667	1	2
668	1	2
669	1	2
670	1	2
671	1	2
672	1	2
673	1	2
674	1	2
675	1	2
676	1	2
677	1	2
678	1	2
679	1	2
680	1	2
681	1	2
682	1	2
683	1	2
684	1	2
685	1	2
686	1	2
687	1	2
688	1	2
689	1	2
690	1	2
691	1	2
692	1	2
693	1	2
694	1	2
695	1	2
696	1	2
697	1	2
698	1	2
699	1	2
700	1	2
701	1	2
702	1	2
703	1	2
704	1	2
705	1	2
706	1	2
707	1	2
708	1	2
709	1	2
710	1	2
711	1	2
712	1	2
713	1	2
714	1	2
715	1	2
716	1	2
717	1	2
718	1	2
719	1	2
720	1	2
721	1	2
722	1	2
723	1	2
724	1	2
725	1	2
726	1	2
727	1	2
728	1	2
729	1	2
730	1	2
731	1	2
732	1	2
733	1	2
734	1	2
735	1	2
736	1	2
737	1	2
738	1	2
739	1	2
740	1	2
741	1	2
742	1	2
743	1	2
744	1	2
745	1	2
746	1	2
747	1	2
748	1	2
749	1	2
750	1	2
751	1	2
752	1	2
753	1	2
754	1	2
755	1	2
756	1	2
206	2	2
207	2	2
208	2	2
209	2	2
210	2	2
211	2	2
212	2	2
213	2	2
214	2	2
215	2	2
216	2	2
217	2	2
218	2	2
219	2	2
220	2	2
221	2	2
222	2	2
223	2	2
224	2	2
225	2	2
226	2	2
227	2	2
228	2	2
229	2	2
230	2	2
231	2	2
232	2	2
233	2	2
234	2	2
235	2	2
236	2	2
237	2	2
238	2	2
239	2	2
240	2	2
241	2	2
242	2	2
243	2	2
244	2	2
245	2	2
246	2	2
247	2	2
248	2	2
249	2	2
250	2	2
251	2	2
252	2	2
253	2	2
254	2	2
255	2	2
256	2	2
257	2	2
258	2	2
259	2	2
260	2	2
261	2	2
262	2	2
263	2	2
264	2	2
265	2	2
266	2	2
267	2	2
268	2	2
269	2	2
270	2	2
271	2	2
272	2	2
273	2	2
274	2	2
275	2	2
276	2	2
277	2	2
278	2	2
279	2	2
280	3	2
281	3	2
282	3	2
283	3	2
284	3	2
285	3	2
286	3	2
287	3	2
288	3	2
289	3	2
290	3	2
291	3	2
292	3	2
293	3	2
294	3	2
295	3	2
296	3	2
297	4	2
298	4	2
299	4	2
300	4	2
301	4	2
302	4	2
303	4	2
304	4	2
305	4	2
306	4	2
307	4	2
308	4	2
309	4	2
310	4	2
311	4	2
312	4	2
313	4	2
314	4	2
315	4	2
316	4	2
317	4	2
318	4	2
319	4	2
320	4	2
321	4	2
322	4	2
323	4	2
324	4	2
325	4	2
326	4	2
327	4	2
328	4	2
329	4	2
330	4	2
331	4	2
332	4	2
333	4	2
334	4	2
335	4	2
336	4	2
337	4	2
338	4	2
339	4	2
340	4	2
341	4	2
342	4	2
343	4	2
344	4	2
345	4	2
346	4	2
347	4	2
348	4	2
349	4	2
350	4	2
351	4	2
352	4	2
353	4	2
354	4	2
355	4	2
356	4	2
357	4	2
358	4	2
359	4	2
360	4	2
361	4	2
362	4	2
363	4	2
364	4	2
365	4	2
366	4	2
367	4	2
368	4	2
369	4	2
370	4	2
371	4	2
372	4	2
373	4	2
374	4	2
375	4	2
376	4	2
377	4	2
378	4	2
379	4	2
380	4	2
381	4	2
382	4	2
383	4	2
384	4	2
385	4	2
386	4	2
387	4	2
388	4	2
389	4	2
390	4	2
391	4	2
392	4	2
393	4	2
394	4	2
395	4	2
396	4	2
397	4	2
398	4	2
399	4	2
400	4	2
401	4	2
402	4	2
403	4	2
404	4	2
405	4	2
406	4	2
407	4	2
408	4	2
409	4	2
410	4	2
411	4	2
412	4	2
413	4	2
414	4	2
415	4	2
416	4	2
417	4	2
418	4	2
419	4	2
420	4	2
421	4	2
422	4	2
423	4	2
424	4	2
425	4	2
426	4	2
427	4	2
428	4	2
429	4	2
430	4	2
431	4	2
432	4	2
433	4	2
434	4	2
435	4	2
436	4	2
437	4	2
438	4	2
439	4	2
440	4	2
441	4	2
442	4	2
487	4	2
488	4	2
489	4	2
490	4	2
491	4	2
492	4	2
493	4	2
494	4	2
495	4	2
496	4	2
497	4	2
498	4	2
499	4	2
500	4	2
501	4	2
502	4	2
503	4	2
504	4	2
505	4	2
506	4	2
507	4	2
508	4	2
509	4	2
510	4	2
511	4	2
512	4	2
513	4	2
514	4	2
515	4	2
516	4	2
517	4	2
518	4	2
519	4	2
520	4	2
521	4	2
522	4	2
523	4	2
524	4	2
525	4	2
526	4	2
527	4	2
528	4	2
529	4	2
530	4	2
531	4	2
532	4	2
533	4	2
534	4	2
535	4	2
536	4	2
537	4	2
538	4	2
539	4	2
540	4	2
541	4	2
542	4	2
543	4	2
544	4	2
545	4	2
546	4	2
547	4	2
548	4	2
549	4	2
550	4	2
551	4	2
552	4	2
553	4	2
554	4	2
555	4	2
556	4	2
557	4	2
558	4	2
559	4	2
560	4	2
561	4	2
562	4	2
563	4	2
564	4	2
565	4	2
566	4	2
567	4	2
568	4	2
569	4	2
570	4	2
571	4	2
572	4	2
573	4	2
574	4	2
575	4	2
576	4	2
577	4	2
578	4	2
579	4	2
580	4	2
581	4	2
