Residus	NumPU	Level
297	1	3
298	1	3
299	1	3
300	1	3
301	1	3
302	1	3
303	1	3
304	1	3
305	1	3
306	1	3
307	1	3
308	1	3
309	1	3
310	1	3
311	1	3
312	1	3
206	2	3
207	2	3
208	2	3
209	2	3
210	2	3
211	2	3
212	2	3
213	2	3
214	2	3
215	2	3
216	2	3
217	2	3
218	2	3
219	2	3
220	2	3
221	2	3
222	2	3
223	2	3
224	2	3
225	2	3
226	2	3
227	2	3
228	2	3
229	2	3
230	2	3
231	2	3
232	2	3
233	2	3
234	2	3
235	2	3
236	2	3
237	2	3
238	2	3
239	2	3
240	2	3
241	2	3
242	2	3
243	2	3
244	2	3
245	2	3
246	2	3
247	2	3
248	2	3
249	2	3
250	2	3
251	2	3
252	2	3
253	2	3
254	2	3
255	2	3
256	2	3
257	2	3
258	2	3
259	2	3
260	2	3
261	2	3
262	2	3
263	2	3
264	2	3
265	2	3
266	2	3
267	2	3
268	2	3
269	2	3
270	2	3
271	2	3
272	2	3
273	2	3
274	2	3
275	2	3
276	2	3
277	2	3
278	2	3
279	2	3
313	3	3
314	3	3
315	3	3
316	3	3
317	3	3
318	3	3
319	3	3
320	3	3
321	3	3
322	3	3
323	3	3
324	3	3
325	3	3
326	3	3
327	3	3
328	3	3
329	3	3
330	3	3
331	3	3
332	3	3
333	3	3
334	3	3
335	3	3
336	3	3
337	3	3
338	3	3
339	3	3
340	3	3
341	3	3
342	3	3
343	3	3
344	3	3
345	3	3
346	3	3
347	3	3
348	3	3
349	3	3
350	3	3
351	3	3
352	3	3
353	3	3
354	3	3
355	3	3
356	3	3
357	3	3
358	3	3
359	3	3
360	3	3
361	3	3
362	3	3
363	3	3
364	3	3
365	3	3
366	3	3
367	3	3
368	3	3
369	3	3
370	3	3
371	3	3
372	3	3
373	3	3
374	3	3
375	3	3
376	3	3
377	3	3
378	3	3
379	3	3
380	3	3
381	3	3
382	3	3
383	3	3
384	3	3
385	3	3
386	3	3
387	3	3
388	3	3
389	3	3
390	3	3
391	3	3
392	3	3
393	3	3
394	3	3
395	3	3
396	3	3
397	3	3
398	3	3
399	3	3
400	3	3
401	3	3
402	3	3
403	3	3
404	3	3
405	3	3
406	3	3
407	3	3
408	3	3
409	3	3
410	3	3
411	3	3
412	3	3
413	3	3
414	3	3
415	3	3
416	3	3
417	3	3
418	3	3
419	3	3
420	3	3
421	3	3
422	3	3
423	3	3
424	3	3
425	3	3
426	3	3
427	3	3
428	3	3
429	3	3
430	3	3
431	3	3
432	3	3
433	3	3
434	3	3
435	3	3
436	3	3
437	3	3
438	3	3
439	3	3
440	3	3
441	3	3
442	3	3
487	3	3
488	3	3
489	3	3
490	3	3
491	3	3
492	3	3
493	3	3
494	3	3
495	3	3
496	3	3
497	3	3
498	3	3
499	3	3
500	3	3
501	3	3
582	4	3
583	4	3
584	4	3
585	4	3
586	4	3
587	4	3
588	4	3
589	4	3
590	4	3
591	4	3
592	4	3
593	4	3
594	4	3
595	4	3
596	4	3
597	4	3
598	4	3
599	4	3
600	4	3
601	4	3
602	4	3
603	4	3
604	4	3
605	4	3
606	4	3
607	4	3
608	4	3
609	4	3
610	4	3
611	4	3
612	4	3
613	4	3
614	4	3
615	4	3
616	4	3
617	4	3
618	4	3
619	4	3
620	4	3
621	4	3
622	4	3
623	4	3
624	4	3
625	4	3
626	4	3
627	4	3
628	4	3
629	4	3
630	4	3
631	4	3
632	4	3
633	4	3
634	4	3
635	4	3
636	4	3
637	4	3
638	4	3
639	4	3
640	4	3
641	4	3
642	4	3
643	4	3
644	4	3
645	4	3
646	4	3
647	4	3
648	4	3
649	4	3
650	4	3
651	4	3
652	4	3
653	4	3
654	4	3
655	4	3
656	4	3
657	4	3
658	4	3
659	4	3
660	4	3
661	4	3
662	4	3
663	4	3
664	4	3
665	4	3
666	4	3
667	4	3
668	4	3
669	4	3
670	4	3
671	4	3
672	4	3
673	4	3
674	4	3
675	4	3
676	4	3
677	4	3
678	4	3
679	4	3
680	4	3
681	4	3
682	4	3
683	4	3
684	4	3
685	4	3
686	4	3
687	4	3
688	4	3
689	4	3
690	4	3
691	4	3
692	4	3
693	4	3
694	4	3
695	4	3
696	4	3
697	4	3
698	4	3
699	4	3
700	4	3
701	4	3
702	4	3
703	4	3
704	4	3
705	4	3
706	4	3
707	4	3
708	4	3
709	4	3
710	4	3
711	4	3
712	4	3
713	4	3
714	4	3
715	4	3
716	4	3
717	4	3
718	4	3
719	4	3
720	4	3
721	4	3
722	4	3
723	4	3
724	4	3
725	4	3
726	4	3
727	4	3
728	4	3
729	4	3
730	4	3
731	4	3
732	4	3
733	4	3
734	4	3
735	4	3
736	4	3
737	4	3
738	4	3
739	4	3
740	4	3
741	4	3
742	4	3
743	4	3
744	4	3
745	4	3
746	4	3
747	4	3
748	4	3
749	4	3
750	4	3
751	4	3
752	4	3
753	4	3
754	4	3
755	4	3
756	4	3
280	5	3
281	5	3
282	5	3
283	5	3
284	5	3
285	5	3
286	5	3
287	5	3
288	5	3
289	5	3
290	5	3
291	5	3
292	5	3
293	5	3
294	5	3
295	5	3
296	5	3
502	6	3
503	6	3
504	6	3
505	6	3
506	6	3
507	6	3
508	6	3
509	6	3
510	6	3
511	6	3
512	6	3
513	6	3
514	6	3
515	6	3
516	6	3
517	6	3
518	6	3
519	6	3
520	6	3
521	6	3
522	6	3
523	6	3
524	6	3
525	6	3
526	6	3
527	6	3
528	6	3
529	6	3
530	6	3
531	6	3
532	6	3
533	6	3
534	6	3
535	6	3
536	6	3
537	6	3
538	6	3
539	6	3
540	6	3
541	6	3
542	6	3
543	6	3
544	6	3
545	6	3
546	6	3
547	6	3
548	6	3
549	6	3
550	6	3
551	6	3
552	6	3
553	6	3
554	6	3
555	6	3
556	6	3
557	6	3
558	6	3
559	6	3
560	6	3
561	6	3
562	6	3
563	6	3
564	6	3
565	6	3
566	6	3
567	6	3
568	6	3
569	6	3
570	6	3
571	6	3
572	6	3
573	6	3
574	6	3
575	6	3
576	6	3
577	6	3
578	6	3
579	6	3
580	6	3
581	6	3
