Residus	NumPU	Level
55	1	2
56	1	2
57	1	2
58	1	2
59	1	2
60	1	2
61	1	2
62	1	2
63	1	2
64	1	2
65	1	2
66	1	2
67	1	2
68	1	2
69	1	2
70	1	2
71	1	2
72	1	2
73	1	2
74	1	2
75	1	2
5	2	2
6	2	2
7	2	2
8	2	2
9	2	2
10	2	2
11	2	2
12	2	2
13	2	2
14	2	2
15	2	2
16	2	2
17	2	2
18	2	2
19	2	2
20	2	2
21	2	2
22	2	2
23	2	2
24	2	2
25	2	2
26	2	2
27	2	2
28	2	2
29	3	2
30	3	2
31	3	2
32	3	2
33	3	2
34	3	2
35	3	2
36	3	2
37	3	2
38	3	2
39	3	2
40	3	2
41	3	2
42	3	2
43	3	2
44	3	2
45	3	2
46	3	2
47	3	2
48	3	2
49	3	2
50	3	2
51	3	2
52	3	2
53	3	2
54	3	2
76	4	2
77	4	2
78	4	2
79	4	2
80	4	2
81	4	2
82	4	2
83	4	2
84	4	2
85	4	2
86	4	2
87	4	2
88	4	2
89	4	2
90	4	2
91	4	2
92	4	2
93	4	2
94	4	2
95	4	2
96	4	2
97	4	2
98	4	2
99	4	2
100	4	2
101	4	2
102	4	2
103	4	2
104	4	2
105	4	2
106	4	2
107	4	2
108	4	2
109	4	2
110	4	2
111	4	2
112	4	2
113	4	2
114	4	2
115	4	2
116	4	2
117	4	2
118	4	2
119	4	2
120	4	2
121	4	2
122	4	2
123	4	2
124	4	2
125	4	2
126	4	2
127	4	2
128	4	2
129	4	2
130	4	2
131	4	2
132	4	2
133	4	2
134	4	2
135	4	2
136	4	2
137	4	2
138	4	2
139	4	2
140	4	2
141	4	2
142	4	2
143	4	2
144	4	2
145	4	2
146	4	2
