Residus	NumPU	Level
76	1	1
77	1	1
78	1	1
79	1	1
80	1	1
81	1	1
82	1	1
83	1	1
84	1	1
85	1	1
86	1	1
87	1	1
88	1	1
89	1	1
90	1	1
91	1	1
92	1	1
93	1	1
94	1	1
95	1	1
96	1	1
97	1	1
98	1	1
99	1	1
100	1	1
101	1	1
102	1	1
103	1	1
104	1	1
105	1	1
106	1	1
107	1	1
108	1	1
109	1	1
110	1	1
111	1	1
112	1	1
113	1	1
114	1	1
115	1	1
116	1	1
117	1	1
118	1	1
119	1	1
120	1	1
121	1	1
122	1	1
123	1	1
124	1	1
125	1	1
126	1	1
127	1	1
128	1	1
129	1	1
130	1	1
131	1	1
132	1	1
133	1	1
134	1	1
135	1	1
136	1	1
137	1	1
138	1	1
139	1	1
140	1	1
141	1	1
142	1	1
143	1	1
144	1	1
145	1	1
146	1	1
5	2	1
6	2	1
7	2	1
8	2	1
9	2	1
10	2	1
11	2	1
12	2	1
13	2	1
14	2	1
15	2	1
16	2	1
17	2	1
18	2	1
19	2	1
20	2	1
21	2	1
22	2	1
23	2	1
24	2	1
25	2	1
26	2	1
27	2	1
28	2	1
29	2	1
30	2	1
31	2	1
32	2	1
33	2	1
34	2	1
35	2	1
36	2	1
37	2	1
38	2	1
39	2	1
40	2	1
41	2	1
42	2	1
43	2	1
44	2	1
45	2	1
46	2	1
47	2	1
48	2	1
49	2	1
50	2	1
51	2	1
52	2	1
53	2	1
54	2	1
55	2	1
56	2	1
57	2	1
58	2	1
59	2	1
60	2	1
61	2	1
62	2	1
63	2	1
64	2	1
65	2	1
66	2	1
67	2	1
68	2	1
69	2	1
70	2	1
71	2	1
72	2	1
73	2	1
74	2	1
75	2	1
