Residus	NumPU	Level
82	1	2
83	1	2
84	1	2
85	1	2
86	1	2
87	1	2
88	1	2
89	1	2
90	1	2
91	1	2
92	1	2
93	1	2
94	1	2
95	1	2
96	1	2
97	1	2
98	1	2
99	1	2
100	1	2
101	1	2
102	1	2
103	1	2
104	1	2
105	1	2
106	1	2
107	1	2
108	1	2
109	1	2
110	1	2
111	1	2
112	1	2
113	1	2
114	1	2
115	1	2
116	1	2
117	1	2
118	1	2
119	1	2
120	1	2
121	1	2
122	1	2
123	1	2
124	1	2
125	1	2
126	1	2
127	1	2
128	1	2
129	1	2
130	1	2
131	1	2
132	1	2
133	1	2
134	1	2
135	1	2
136	1	2
137	1	2
138	1	2
139	1	2
140	1	2
141	1	2
142	1	2
143	1	2
144	1	2
145	1	2
146	1	2
147	1	2
148	1	2
149	1	2
150	1	2
151	1	2
152	1	2
153	1	2
154	1	2
155	1	2
156	1	2
157	1	2
158	1	2
159	1	2
160	1	2
161	1	2
162	1	2
163	1	2
164	1	2
165	1	2
166	1	2
167	1	2
168	1	2
169	1	2
170	1	2
171	1	2
172	1	2
173	1	2
174	1	2
66	2	2
67	2	2
68	2	2
69	2	2
70	2	2
71	2	2
72	2	2
73	2	2
74	2	2
75	2	2
76	2	2
77	2	2
78	2	2
79	2	2
80	2	2
81	2	2
11	3	2
12	3	2
13	3	2
14	3	2
15	3	2
16	3	2
17	3	2
18	3	2
19	3	2
20	3	2
21	3	2
22	3	2
23	3	2
24	3	2
25	3	2
26	3	2
27	3	2
28	3	2
29	3	2
30	3	2
31	3	2
32	3	2
33	3	2
44	3	2
45	3	2
46	3	2
47	3	2
48	3	2
49	3	2
50	3	2
51	3	2
52	3	2
53	3	2
58	3	2
59	3	2
60	3	2
61	3	2
62	3	2
63	3	2
64	3	2
65	3	2
