Residus	NumPU	Level
115	1	5
116	1	5
117	1	5
118	1	5
119	1	5
120	1	5
121	1	5
122	1	5
123	1	5
124	1	5
125	1	5
126	1	5
127	1	5
128	1	5
129	1	5
130	1	5
11	2	5
12	2	5
13	2	5
14	2	5
15	2	5
16	2	5
17	2	5
18	2	5
19	2	5
20	2	5
21	2	5
22	2	5
23	2	5
24	2	5
25	2	5
26	2	5
27	2	5
28	2	5
29	2	5
30	2	5
31	2	5
32	2	5
33	2	5
98	3	5
99	3	5
100	3	5
101	3	5
102	3	5
103	3	5
104	3	5
105	3	5
106	3	5
107	3	5
108	3	5
109	3	5
110	3	5
111	3	5
112	3	5
113	3	5
114	3	5
46	4	5
47	4	5
48	4	5
49	4	5
50	4	5
51	4	5
52	4	5
53	4	5
54	4	5
55	4	5
56	4	5
57	4	5
58	4	5
59	4	5
60	4	5
61	4	5
62	4	5
63	4	5
64	4	5
82	5	5
83	5	5
84	5	5
85	5	5
86	5	5
87	5	5
88	5	5
89	5	5
90	5	5
91	5	5
92	5	5
93	5	5
94	5	5
95	5	5
96	5	5
97	5	5
131	6	5
132	6	5
133	6	5
134	6	5
135	6	5
136	6	5
137	6	5
138	6	5
139	6	5
140	6	5
141	6	5
142	6	5
143	6	5
144	6	5
145	6	5
146	6	5
147	6	5
66	7	5
67	7	5
68	7	5
69	7	5
70	7	5
71	7	5
72	7	5
73	7	5
74	7	5
75	7	5
76	7	5
77	7	5
78	7	5
79	7	5
148	8	5
149	8	5
150	8	5
151	8	5
152	8	5
153	8	5
154	8	5
155	8	5
156	8	5
157	8	5
158	8	5
159	8	5
160	8	5
161	8	5
162	8	5
163	8	5
164	8	5
165	8	5
166	8	5
167	8	5
168	8	5
169	8	5
170	8	5
171	8	5
172	8	5
173	8	5
174	8	5
