Residus	NumPU	Level
98	1	4
99	1	4
100	1	4
101	1	4
102	1	4
103	1	4
104	1	4
105	1	4
106	1	4
107	1	4
108	1	4
109	1	4
110	1	4
111	1	4
112	1	4
113	1	4
114	1	4
11	2	4
12	2	4
13	2	4
14	2	4
15	2	4
16	2	4
17	2	4
18	2	4
19	2	4
20	2	4
21	2	4
22	2	4
23	2	4
24	2	4
25	2	4
26	2	4
27	2	4
28	2	4
29	2	4
30	2	4
31	2	4
32	2	4
33	2	4
44	2	4
45	2	4
46	2	4
47	2	4
48	2	4
49	2	4
50	2	4
51	2	4
52	2	4
53	2	4
58	2	4
59	2	4
60	2	4
61	2	4
62	2	4
63	2	4
64	2	4
65	2	4
66	3	4
67	3	4
68	3	4
69	3	4
70	3	4
71	3	4
72	3	4
73	3	4
74	3	4
75	3	4
76	3	4
77	3	4
78	3	4
79	3	4
80	3	4
81	3	4
148	4	4
149	4	4
150	4	4
151	4	4
152	4	4
153	4	4
154	4	4
155	4	4
156	4	4
157	4	4
158	4	4
159	4	4
160	4	4
161	4	4
162	4	4
163	4	4
164	4	4
165	4	4
166	4	4
167	4	4
168	4	4
169	4	4
170	4	4
171	4	4
172	4	4
173	4	4
174	4	4
131	5	4
132	5	4
133	5	4
134	5	4
135	5	4
136	5	4
137	5	4
138	5	4
139	5	4
140	5	4
141	5	4
142	5	4
143	5	4
144	5	4
145	5	4
146	5	4
147	5	4
82	6	4
83	6	4
84	6	4
85	6	4
86	6	4
87	6	4
88	6	4
89	6	4
90	6	4
91	6	4
92	6	4
93	6	4
94	6	4
95	6	4
96	6	4
97	6	4
115	7	4
116	7	4
117	7	4
118	7	4
119	7	4
120	7	4
121	7	4
122	7	4
123	7	4
124	7	4
125	7	4
126	7	4
127	7	4
128	7	4
129	7	4
130	7	4
