Residus	NumPU	Level
82	1	3
83	1	3
84	1	3
85	1	3
86	1	3
87	1	3
88	1	3
89	1	3
90	1	3
91	1	3
92	1	3
93	1	3
94	1	3
95	1	3
96	1	3
97	1	3
98	2	3
99	2	3
100	2	3
101	2	3
102	2	3
103	2	3
104	2	3
105	2	3
106	2	3
107	2	3
108	2	3
109	2	3
110	2	3
111	2	3
112	2	3
113	2	3
114	2	3
11	3	3
12	3	3
13	3	3
14	3	3
15	3	3
16	3	3
17	3	3
18	3	3
19	3	3
20	3	3
21	3	3
22	3	3
23	3	3
24	3	3
25	3	3
26	3	3
27	3	3
28	3	3
29	3	3
30	3	3
31	3	3
32	3	3
33	3	3
44	3	3
45	3	3
46	3	3
47	3	3
48	3	3
49	3	3
50	3	3
51	3	3
52	3	3
53	3	3
58	3	3
59	3	3
60	3	3
61	3	3
62	3	3
63	3	3
64	3	3
65	3	3
66	4	3
67	4	3
68	4	3
69	4	3
70	4	3
71	4	3
72	4	3
73	4	3
74	4	3
75	4	3
76	4	3
77	4	3
78	4	3
79	4	3
80	4	3
81	4	3
115	5	3
116	5	3
117	5	3
118	5	3
119	5	3
120	5	3
121	5	3
122	5	3
123	5	3
124	5	3
125	5	3
126	5	3
127	5	3
128	5	3
129	5	3
130	5	3
131	5	3
132	5	3
133	5	3
134	5	3
135	5	3
136	5	3
137	5	3
138	5	3
139	5	3
140	5	3
141	5	3
142	5	3
143	5	3
144	5	3
145	5	3
146	5	3
147	5	3
148	5	3
149	5	3
150	5	3
151	5	3
152	5	3
153	5	3
154	5	3
155	5	3
156	5	3
157	5	3
158	5	3
159	5	3
160	5	3
161	5	3
162	5	3
163	5	3
164	5	3
165	5	3
166	5	3
167	5	3
168	5	3
169	5	3
170	5	3
171	5	3
172	5	3
173	5	3
174	5	3
